Ex. 1.1:
   34          4          4          4   
 9134         34         34         34    
20134  -->  9134  -->   134  -->   134     
29134      20134      20134       9134        
    4      29134       9134      20134           
  134        134      29134      29134            

1.2:
    4         4         4     
   34        34        34     
  134       134       134     
 9134 --> 20134 -->  9134 
20134      9134     20134 
29134     29134     29134 

1.3:
29134         4         4         4         4
20134     29134        34        34        34
 9134 --> 20134 --> 29134 -->   134 -->   134
  134      9134     20134     20134      9134
   34       134      9134     29134     20134
    4        34       134      9134     29134